0 0 0 0 0 0 0 1 0 
0 0 0 0 6 0 0 0 0 
6 0 0 0 0 0 0 0 0
0 0 0 0 0 0 0 7 0 
0 0 0 0 1 0 0 0 0 
0 8 2 0 0 0 0 0 0
0 0 0 0 0 0 0 0 0
0 0 0 5 0 0 1 0 0
0 0 0 0 0 6 0 0 0

5 9 4 2 8 7 6 1 3
8 1 3 4 6 9 2 5 7
6 2 7 3 5 1 9 8 4
4 5 1 6 9 2 3 7 8
7 3 6 8 1 5 4 2 9
9 8 2 7 3 4 5 6 1
3 6 9 1 2 8 7 4 5
2 4 8 5 7 3 1 9 6
1 7 5 9 4 6 8 3 2

0 1 
9 18 27 
54 
63 72 73 
10 11 
55 64 
2 
19 20 21 
28 29 30 
36 37 38 45 
46 47 56 
74 75 76 
3 12 13 
22 31 39 40 
48 57 
65 66 
4 
49 50 
58 67 
5 6 14 
23 
32 41 
59 68 
15 24 33 
51 
60 69 70 
77 78 
7 8 
16 25 34 
42 43 
17 26 
35 
44 52 53 61 62 
71 79 80