0 4 0 0 2 0 0 0 0
0 0 0 0 0 6 0 0 0 
0 0 0 0 0 0 0 8 4
1 0 0 0 0 0 0 0 0
0 0 6 0 0 0 7 0 0
0 0 0 3 0 0 0 0 0
0 0 0 0 0 0 0 0 0
0 0 0 0 0 0 0 0 0
0 2 0 0 0 0 0 0 0

5 4 9 7 2 8 6 1 3
8 3 1 9 4 6 2 5 7 
6 7 2 1 3 5 9 8 4
1 5 7 6 9 4 8 3 2 
3 9 6 8 1 2 7 4 5 
2 8 4 3 5 7 1 9 6 
4 1 5 2 6 9 3 7 8
7 6 3 5 8 1 4 2 9
9 2 8 4 7 3 5 6 1

0 
9 
18 
36 45 
54 63 72 73 
19 20 21 
27 28 
55 64 
2 3 
1 10 11 
37 38 46 
47 56 65 
74 75 76 
4 12 13 
29 30 39 
57 
66 67 
22 
40 48 49 58 
14 15 23 31 32 
41 50 
24 
42 51 60 
59 68 69 77 78 
5 6 7 
16 25 
26 33 34 35 
43 44 52 53 
61 62 
70 79 
8 17 
71 80
