1 0 0 0 0 0 0 0 0 
0 0 0 0 0 7 0 0 1
0 0 0 0 0 0 0 7 0 
0 0 0 0 0 0 0 0 0
0 0 0 5 0 0 0 0 0
0 0 0 0 0 0 0 8 0 
4 0 0 0 0 0 0 0 0 
0 5 0 0 0 0 0 0 0 
0 0 0 0 7 0 3 0 0

1 9 7 6 8 3 2 4 5 
5 6 8 4 2 7 9 3 1 
3 4 2 9 1 5 6 7 8
6 8 5 1 3 2 4 9 7
7 3 4 5 9 8 1 2 6
2 1 9 7 6 4 5 8 3
4 7 3 2 5 6 8 1 9 
8 5 1 3 4 9 7 6 2
9 2 6 8 7 1 3 5 4

0 1
9
27
36
45 54 63 72
18 19 28
46 55
10 11
20 29
37 38
56 65
64 73 74
2 3
12 21
39 47 48
57 66 67 75 
4 5 6 15
13 14
30 31
40 49 58
76 77 78
22 23 24
32 41 42
50 59 68
25 33 34
60 61 69 70
16
43 51 52
79
7 8 17
26 35 44
53 62
71 80 