0 0 0 0 0 0 3 0 0
0 0 9 0 0 0 0 0 0 
0 0 0 0 4 0 0 0 0 
0 0 0 1 0 0 0 0 0 
5 0 0 0 0 0 0 6 0
0 0 0 0 0 0 0 0 9
0 2 0 0 0 0 0 0 0 
0 0 0 0 0 0 0 0 0 
0 0 0 0 0 7 2 0 0

8 7 1 2 9 6 3 4 5 
3 4 9 5 8 1 7 2 6
2 5 6 7 4 3 8 9 1
7 6 4 1 2 9 5 3 8
5 9 8 3 7 4 1 6 2
1 3 2 8 6 5 4 7 9 
4 2 7 6 5 8 9 1 3
9 1 5 4 3 2 6 8 7
6 8 3 9 1 7 2 5 4

0 9
18 19
54 
63 72 73 74
1 10 
27 28 36 45 
37 38 47 
64 
2 3 
20 29 
11 12 
21 30 39 
48 57 
46 55 56 65 66 
67 75 76 
4 5 13 22 
40 
49 58 
14 
31 32 41 42 
59 68 77 
6 15 
23 24 25 33 
43 50 51 52 
60 69 78 79 
7 8 
16 
34 
61 70 
17 26 
35 
44 53 62 71 
80