0 0 0 0 0 0 0 0 0 
0 0 0 0 0 0 3 0 0
0 5 0 0 6 0 0 0 0
0 0 0 0 0 8 0 0 0
0 0 0 0 0 0 6 0 0 
5 0 0 0 0 0 0 0 0 
0 0 0 7 0 1 0 0 0 
0 0 0 0 0 0 0 0 0
0 0 1 0 0 0 0 0 7

9 1 3 2 4 7 5 8 6 
6 8 7 1 9 5 3 2 4
2 5 4 8 6 3 1 7 9
1 6 2 9 5 8 7 4 3
4 7 9 3 1 2 6 5 8
5 3 8 6 7 4 2 9 1 
3 4 5 7 8 1 9 6 2
7 2 6 4 3 9 8 1 5 
8 9 1 5 2 6 4 3 7

18 19 
27 36 
45 54 
72 
9 10 
46 55 
63 64 73 
0 1 2 
11 20 21 
29 30 31 32 
28 37 38 
3 12 
39 
65 66 74 75 
4 5 13 22 
40 47 48 49 56 
14 23 
41 42 
50 51 
57 58 59 67 
68 
76 77 
6 
24 33 
60 61 
69 70 78 
15 16 17 
43 52 53 
79 80 
7 8 
25 26 
34 35 44 
62 
71