0 0 8 0 0 0 0 0 0
0 0 0 0 0 0 1 0 0 
0 9 0 0 4 0 0 0 0
0 0 0 0 0 0 0 0 0 
0 0 0 6 0 0 0 0 0 
0 0 0 0 0 0 0 0 0 
0 0 0 0 2 0 0 0 0 
3 0 0 0 0 0 0 0 7 
0 0 0 0 0 8 0 6 0 

2 3 8 5 7 1 9 4 6 
5 4 7 9 6 3 1 2 8
6 9 1 8 4 2 5 7 3
1 6 5 2 8 9 7 3 4
9 2 4 6 3 7 8 1 5 
8 7 3 1 5 4 6 9 2
4 8 9 7 2 6 3 5 1 
3 1 6 4 9 5 2 8 7 
7 5 2 3 1 8 4 6 9

0
18 19
36 45
72
1 2 9 10
37 46
54 55 63 64
3 11 12 20 21 
27 28 29 30
38 47
73 74
39 48
56 57
65 66 75 76
4 5
13
22 31
49 58
14 15
40 41 42 50
77 78
23 24 32
33
59 60 
67 68 69
16 
25 34
43
51 52 53 61
70 79
6 7 8
17 26
35 44
62 71 80