0 0 8 0 0 0 0 0 0
0 0 0 0 0 0 0 0 8
0 0 0 0 0 0 0 7 0
0 0 0 0 0 8 0 0 0 
8 0 0 0 0 0 0 0 0 
0 0 0 6 0 0 0 8 0 
0 0 0 0 7 0 5 0 0 
0 0 0 0 0 0 0 0 0
0 0 0 1 0 0 0 0 0

7 2 8 3 1 6 9 4 5
9 4 6 7 5 2 1 3 8
1 3 5 4 8 9 2 7 6
6 9 4 2 3 8 7 5 1
8 1 2 5 4 7 6 9 3
3 5 7 6 9 1 4 8 2
2 6 9 8 7 3 5 1 4
5 8 1 9 2 4 3 6 7
4 7 3 1 6 5 8 2 9

18 27 36 45
54 63 72
19
28 37
46 55
1 2
0 9 10 11
20 29 38
56 57 
64 65 73 74
12 21
30
47 48
3 4 5
13 22
31 32
39 40
58 67 
66 75 76
6 7 14 15
23 24
41 42
49 50
59 68
33 34 35 
69 70
43 44
51 52 60 61
77 78 79
8
16 17 25 26
53 62
71 80