0 0 8 0 0 0 0 0 0 
0 0 0 9 0 0 0 0 0 
0 0 0 0 0 0 0 5 0 
0 0 5 0 0 0 0 0 0 
0 0 0 0 0 0 0 0 0 
0 0 0 7 0 0 0 0 8
0 0 0 0 0 0 3 0 0
7 0 0 0 5 0 0 0 0 
0 8 0 0 0 0 0 0 0

6 5 8 4 2 7 9 1 3
4 3 2 9 1 5 6 8 7
9 1 7 6 8 3 2 5 4
8 6 5 1 3 2 4 7 9 
3 7 4 5 9 8 1 6 2 
1 2 9 7 6 4 5 3 8 
2 9 6 8 7 1 3 4 5 
7 4 3 2 5 6 8 9 1 
5 8 1 3 4 9 7 2 6

0 1 2 
9 10 
45 54 
63 72 
28 29 
46 47 56 
55 64 73 
11 18 19 20 27 
36 37 38 39 
65 74 
48 49 
57 66 75 
4 5 
3 12 13 
21 22 30 
58 67 76 
14 23 24 
31 32 40 
59 68 
77 78 79 
6 15 
41 42 
50 51 
69 70 
7 16 
25 33 34 
8 
17 
26 35 
43 44 
52 53 
60 61 62 
71 80