0 0 0 3 0 0 0 0 0 
0 0 0 0 0 0 0 5 0
2 0 0 0 0 0 0 0 0
0 2 0 0 0 0 0 6 0 
0 0 0 0 0 8 0 0 0
6 0 0 0 0 0 0 0 0 
0 0 0 0 9 0 0 0 0
0 0 0 0 8 0 0 0 0
0 0 0 0 0 0 7 0 0

8 7 1 3 5 4 9 2 6 
3 4 9 7 6 2 8 5 1
2 5 6 8 1 9 4 7 3
4 2 7 9 3 1 5 6 8
9 1 5 6 7 8 3 4 2 
6 8 3 2 4 5 1 9 7
1 3 2 4 9 7 6 8 5
7 6 4 5 8 3 2 1 9
5 9 8 1 2 6 7 3 4

0 9 
18 27 
36 45 54 
63 64 73 
72 
19 28 
37 46 55 
2 
1 10 11 20 
29 30 38 
47 56 57
65 74 
21 22 31 
75 
3 4 12 
13 
39 40 
48 49 58 
76 77 78 
5 14 23 
41 50 59 
66 67 68 
6 7 8 
15 24 32 33 
42 51 
16 25 
52 53 60 61 69 
70 71 79 
17 26 
34 35 
43 44 
62 
80