0 0 0 0 0 0 0 6 0 
0 0 6 0 0 0 0 0 0 
0 1 0 0 0 0 0 0 8
8 0 0 0 0 0 0 0 0
0 0 0 0 0 0 6 0 0 
0 0 0 0 0 3 0 0 0
0 0 0 2 0 0 0 0 0
1 0 0 0 0 0 0 0 0
0 0 0 0 0 0 0 4 0

4 3 7 5 9 8 1 6 2
5 8 6 1 3 2 4 7 9 
9 1 2 7 6 4 5 3 8 
8 6 5 4 2 7 9 1 3 
2 4 3 9 1 5 6 8 7
7 9 1 6 8 3 2 5 4 
3 7 4 2 5 6 8 9 1 
1 5 8 3 4 9 7 2 6
6 2 9 8 7 1 3 4 5

0
36 45 46 54
55 63 64 72
1 9 10
18 19
27 28 37
73 74
2 3
20 29 38
47 56
11 12 21
39 40
48 
57 65 66  
4  
13 14  
30 31  
49 58 
67  
75 76  
22 23 32 
41 
50 59 68  
5 6 15  
24 33 34  
60 61 69  
70 77 78 79  
7 8 17  
42 43  
51 52  
16 25 26 
35  
44 53 62 71  
80 